1778059933745 0.00011160714285714287 1
1778060005929 0.00022321428571428573 2
1778060084886 0.0003348214285714286 3
1778060161325 0.00044642857142857147 4
1778060235379 0.0004994836506617617 5
1778060312227 0.0004955995663100908 6
1778060382961 0.00048796703874966045 7
1778060455189 0.0004767025588054724 8
1778060533409 0.0004619780496774794 9
1778060602217 0.00044401824297686613 10
1778060676446 0.00042309724877829174 11
1778060747416 0.0003995343720373895 12
1778060819382 0.00037368923922510654 13
